0.000000,0.000000,0.000000,0.000000,0.000000,0.000000,0.000000,0.000000,0.000000,0.000000,0.000000,0.000000,0.000000,0.000000,0.000000,0.000000,0.000000,0.000000,0.000000,0.000000,0.000000,0.000000,0.000000,0.000000,0.000000,0.000000,0.000000,0.000000,0.000000,0.000000,0.000000,0.000000,0.000000,0.000000,0.000000,0.000000,0.000000,0.000000,0.000000,0.000000,0.000000,0.000000,0.000000,0.000000,0.000000,0.000000,0.000000,0.000000,0.000000,0.000000,0.000000,0.000000,0.000000,0.000000,0.000000,0.000000,0.000000,0.000000,0.000000,0.000000,0.000000,0.000000,0.000000,0.000000,0.000000,0.000000,0.000000,0.000000,0.000000,0.000000,0.000000,0.000000,0.000000,0.000000,0.000000,0.000000,0.000000,0.000000,0.000000,0.000000,0.000000,0.000000,0.000000,0.000000,0.000000,0.000000,0.000000,0.000000,0.000000,0.000000,0.000000,0.000000,0.000000,0.000000,0.000000,0.000000,0.000000,0.000000,0.000000,0.000000,0.000000,0.000000,0.000000,0.000000,0.000000,0.000000,0.000000,0.000000,0.000000,0.000000,0.000000,0.000000,0.000000,0.000000,0.000000,0.000000,0.000000,0.000000,0.000000,0.000000,0.000000,0.000000,0.000000,0.000000,0.000000,0.000000,0.000000,0.000000,0.000000,0.000000,0.000000,0.000000,0.000000,0.000000,0.000000,0.000000,0.000000,0.000000,0.000000,0.000000,0.000000,0.000000,0.000000,0.000000,0.000000,0.000000,0.000000,0.000000,0.000000,0.000000,0.000000,0.000000,0.000000,0.000000,0.000000,0.000000,0.000000,0.000000,0.000000,0.000000,0.000000,0.000000,0.000000,0.000000,0.000000,0.000000,0.000000,0.000000,0.000000,0.000000,0.000000,0.000000,0.000000,0.000000,0.000000,0.000000,0.000000,0.000000,0.000000,0.000000,0.000000,0.000000,0.000000,0.000000,0.000000,0.000000,0.000000,0.000000,0.000000,0.000000,0.000000,0.000000,0.000000,0.000000,0.000000,0.000000,0.000000,0.000000,0.000000,0.000000
0.000000,0.000000,0.000000,0.000001,0.000001,0.000001,0.000002,0.000002,0.000002,0.000003,0.000003,0.000004,0.000004,0.000005,0.000005,0.000006,0.000007,0.000008,0.000009,0.000010,0.000011,0.000013,0.000014,0.000016,0.000018,0.000020,0.000022,0.000025,0.000027,0.000030,0.000033,0.000037,0.000040,0.000044,0.000048,0.000053,0.000057,0.000062,0.000067,0.000073,0.000079,0.000085,0.000091,0.000098,0.000105,0.000112,0.000119,0.000127,0.000135,0.000143,0.000152,0.000160,0.000169,0.000178,0.000187,0.000197,0.000206,0.000215,0.000225,0.000234,0.000244,0.000254,0.000263,0.000272,0.000282,0.000291,0.000300,0.000309,0.000318,0.000327,0.000335,0.000343,0.000351,0.000359,0.000366,0.000374,0.000380,0.000387,0.000393,0.000399,0.000405,0.000410,0.000415,0.000420,0.000425,0.000429,0.000433,0.000436,0.000439,0.000442,0.000445,0.000447,0.000450,0.000451,0.000453,0.000454,0.000455,0.000456,0.000457,0.000457,0.000457,0.000457,0.000456,0.000455,0.000454,0.000453,0.000451,0.000450,0.000447,0.000445,0.000442,0.000439,0.000436,0.000433,0.000429,0.000425,0.000420,0.000415,0.000410,0.000405,0.000399,0.000393,0.000387,0.000380,0.000374,0.000366,0.000359,0.000351,0.000343,0.000335,0.000327,0.000318,0.000309,0.000300,0.000291,0.000282,0.000272,0.000263,0.000254,0.000244,0.000234,0.000225,0.000215,0.000206,0.000197,0.000187,0.000178,0.000169,0.000160,0.000152,0.000143,0.000135,0.000127,0.000119,0.000112,0.000105,0.000098,0.000091,0.000085,0.000079,0.000073,0.000067,0.000062,0.000057,0.000053,0.000048,0.000044,0.000040,0.000037,0.000033,0.000030,0.000027,0.000025,0.000022,0.000020,0.000018,0.000016,0.000014,0.000013,0.000011,0.000010,0.000009,0.000008,0.000007,0.000006,0.000005,0.000005,0.000004,0.000004,0.000003,0.000003,0.000002,0.000002,0.000002,0.000001,0.000001,0.000001,0.000000,0.000000,0.000000
0.000000,0.000000,0.000001,0.000001,0.000002,0.000002,0.000003,0.000004,0.000004,0.000005,0.000006,0.000007,0.000008,0.000009,0.000011,0.000012,0.000014,0.000016,0.000018,0.000020,0.000023,0.000026,0.000029,0.000033,0.000036,0.000041,0.000045,0.000050,0.000055,0.000061,0.000067,0.000074,0.000081,0.000089,0.000097,0.000106,0.000115,0.000125,0.000136,0.000147,0.000159,0.000171,0.000184,0.000197,0.000211,0.000226,0.000241,0.000257,0.000273,0.000289,0.000306,0.000324,0.000342,0.000360,0.000378,0.000397,0.000416,0.000435,0.000454,0.000473,0.000493,0.000512,0.000531,0.000550,0.000569,0.000588,0.000606,0.000625,0.000642,0.000660,0.000677,0.000693,0.000709,0.000725,0.000740,0.000754,0.000768,0.000782,0.000794,0.000806,0.000818,0.000829,0.000839,0.000849,0.000858,0.000866,0.000874,0.000881,0.000887,0.000893,0.000899,0.000904,0.000908,0.000912,0.000915,0.000917,0.000920,0.000921,0.000922,0.000923,0.000923,0.000922,0.000921,0.000920,0.000917,0.000915,0.000912,0.000908,0.000904,0.000899,0.000893,0.000887,0.000881,0.000874,0.000866,0.000858,0.000849,0.000839,0.000829,0.000818,0.000806,0.000794,0.000782,0.000768,0.000754,0.000740,0.000725,0.000709,0.000693,0.000677,0.000660,0.000642,0.000625,0.000606,0.000588,0.000569,0.000550,0.000531,0.000512,0.000493,0.000473,0.000454,0.000435,0.000416,0.000397,0.000378,0.000360,0.000342,0.000324,0.000306,0.000289,0.000273,0.000257,0.000241,0.000226,0.000211,0.000197,0.000184,0.000171,0.000159,0.000147,0.000136,0.000125,0.000115,0.000106,0.000097,0.000089,0.000081,0.000074,0.000067,0.000061,0.000055,0.000050,0.000045,0.000041,0.000036,0.000033,0.000029,0.000026,0.000023,0.000020,0.000018,0.000016,0.000014,0.000012,0.000011,0.000009,0.000008,0.000007,0.000006,0.000005,0.000004,0.000004,0.000003,0.000002,0.000002,0.000001,0.000001,0.000000,0.000000
0.000000,0.000001,0.000001,0.000002,0.000003,0.000004,0.000005,0.000006,0.000007,0.000008,0.000009,0.000011,0.000013,0.000014,0.000016,0.000019,0.000021,0.000024,0.000028,0.000031,0.000035,0.000040,0.000044,0.000050,0.000055,0.000062,0.000069,0.000076,0.000084,0.000093,0.000103,0.000113,0.000124,0.000136,0.000148,0.000162,0.000176,0.000191,0.000207,0.000224,0.000242,0.000261,0.000280,0.000301,0.000322,0.000344,0.000367,0.000391,0.000416,0.000441,0.000467,0.000494,0.000521,0.000548,0.000577,0.000605,0.000634,0.000663,0.000692,0.000722,0.000751,0.000781,0.000810,0.000839,0.000868,0.000896,0.000924,0.000952,0.000979,0.001006,0.001032,0.001057,0.001081,0.001105,0.001128,0.001150,0.001171,0.001191,0.001211,0.001229,0.001247,0.001263,0.001279,0.001294,0.001307,0.001320,0.001332,0.001343,0.001353,0.001362,0.001370,0.001378,0.001384,0.001390,0.001395,0.001399,0.001402,0.001404,0.001406,0.001407,0.001407,0.001406,0.001404,0.001402,0.001399,0.001395,0.001390,0.001384,0.001378,0.001370,0.001362,0.001353,0.001343,0.001332,0.001320,0.001307,0.001294,0.001279,0.001263,0.001247,0.001229,0.001211,0.001191,0.001171,0.001150,0.001128,0.001105,0.001081,0.001057,0.001032,0.001006,0.000979,0.000952,0.000924,0.000896,0.000868,0.000839,0.000810,0.000781,0.000751,0.000722,0.000692,0.000663,0.000634,0.000605,0.000577,0.000548,0.000521,0.000494,0.000467,0.000441,0.000416,0.000391,0.000367,0.000344,0.000322,0.000301,0.000280,0.000261,0.000242,0.000224,0.000207,0.000191,0.000176,0.000162,0.000148,0.000136,0.000124,0.000113,0.000103,0.000093,0.000084,0.000076,0.000069,0.000062,0.000055,0.000050,0.000044,0.000040,0.000035,0.000031,0.000028,0.000024,0.000021,0.000019,0.000016,0.000014,0.000013,0.000011,0.000009,0.000008,0.000007,0.000006,0.000005,0.000004,0.000003,0.000002,0.000001,0.000001,0.000000
0.000000,0.000001,0.000002,0.000003,0.000004,0.000005,0.000006,0.000008,0.000009,0.000011,0.000013,0.000015,0.000017,0.000020,0.000022,0.000026,0.000029,0.000033,0.000038,0.000043,0.000048,0.000054,0.000060,0.000068,0.000076,0.000084,0.000094,0.000104,0.000115,0.000127,0.000140,0.000154,0.000169,0.000185,0.000202,0.000221,0.000240,0.000261,0.000283,0.000306,0.000330,0.000355,0.000382,0.000410,0.000439,0.000469,0.000501,0.000533,0.000567,0.000601,0.000637,0.000673,0.000710,0.000748,0.000786,0.000825,0.000864,0.000904,0.000944,0.000984,0.001024,0.001064,0.001104,0.001144,0.001183,0.001222,0.001260,0.001298,0.001335,0.001371,0.001406,0.001441,0.001474,0.001506,0.001538,0.001568,0.001597,0.001624,0.001651,0.001676,0.001700,0.001722,0.001744,0.001764,0.001782,0.001800,0.001816,0.001831,0.001844,0.001857,0.001868,0.001878,0.001887,0.001895,0.001901,0.001907,0.001911,0.001914,0.001916,0.001918,0.001918,0.001916,0.001914,0.001911,0.001907,0.001901,0.001895,0.001887,0.001878,0.001868,0.001857,0.001844,0.001831,0.001816,0.001800,0.001782,0.001764,0.001744,0.001722,0.001700,0.001676,0.001651,0.001624,0.001597,0.001568,0.001538,0.001506,0.001474,0.001441,0.001406,0.001371,0.001335,0.001298,0.001260,0.001222,0.001183,0.001144,0.001104,0.001064,0.001024,0.000984,0.000944,0.000904,0.000864,0.000825,0.000786,0.000748,0.000710,0.000673,0.000637,0.000601,0.000567,0.000533,0.000501,0.000469,0.000439,0.000410,0.000382,0.000355,0.000330,0.000306,0.000283,0.000261,0.000240,0.000221,0.000202,0.000185,0.000169,0.000154,0.000140,0.000127,0.000115,0.000104,0.000094,0.000084,0.000076,0.000068,0.000060,0.000054,0.000048,0.000043,0.000038,0.000033,0.000029,0.000026,0.000022,0.000020,0.000017,0.000015,0.000013,0.000011,0.000009,0.000008,0.000006,0.000005,0.000004,0.000003,0.000002,0.000001,0.000000
0.000000,0.000001,0.000002,0.000004,0.000005,0.000007,0.000008,0.000010,0.000012,0.000014,0.000016,0.000019,0.000022,0.000025,0.000029,0.000033,0.000038,0.000043,0.000048,0.000055,0.000062,0.000069,0.000078,0.000087,0.000097,0.000108,0.000120,0.000134,0.000148,0.000163,0.000180,0.000198,0.000217,0.000238,0.000260,0.000284,0.000309,0.000335,0.000363,0.000393,0.000424,0.000457,0.000491,0.000527,0.000565,0.000604,0.000644,0.000686,0.000729,0.000773,0.000819,0.000865,0.000913,0.000961,0.001011,0.001061,0.001111,0.001162,0.001214,0.001265,0.001317,0.001368,0.001419,0.001470,0.001521,0.001571,0.001620,0.001669,0.001716,0.001763,0.001808,0.001852,0.001895,0.001937,0.001977,0.002016,0.002053,0.002088,0.002122,0.002154,0.002185,0.002214,0.002242,0.002267,0.002291,0.002314,0.002334,0.002354,0.002371,0.002387,0.002402,0.002414,0.002426,0.002436,0.002444,0.002451,0.002457,0.002461,0.002464,0.002465,0.002465,0.002464,0.002461,0.002457,0.002451,0.002444,0.002436,0.002426,0.002414,0.002402,0.002387,0.002371,0.002354,0.002334,0.002314,0.002291,0.002267,0.002242,0.002214,0.002185,0.002154,0.002122,0.002088,0.002053,0.002016,0.001977,0.001937,0.001895,0.001852,0.001808,0.001763,0.001716,0.001669,0.001620,0.001571,0.001521,0.001470,0.001419,0.001368,0.001317,0.001265,0.001214,0.001162,0.001111,0.001061,0.001011,0.000961,0.000913,0.000865,0.000819,0.000773,0.000729,0.000686,0.000644,0.000604,0.000565,0.000527,0.000491,0.000457,0.000424,0.000393,0.000363,0.000335,0.000309,0.000284,0.000260,0.000238,0.000217,0.000198,0.000180,0.000163,0.000148,0.000134,0.000120,0.000108,0.000097,0.000087,0.000078,0.000069,0.000062,0.000055,0.000048,0.000043,0.000038,0.000033,0.000029,0.000025,0.000022,0.000019,0.000016,0.000014,0.000012,0.000010,0.000008,0.000007,0.000005,0.000004,0.000002,0.000001,0.000000
0.000000,0.000002,0.000003,0.000005,0.000006,0.000008,0.000010,0.000012,0.000015,0.000017,0.000020,0.000024,0.000027,0.000031,0.000036,0.000041,0.000047,0.000053,0.000060,0.000068,0.000077,0.000086,0.000097,0.000108,0.000121,0.000134,0.000149,0.000166,0.000183,0.000203,0.000223,0.000246,0.000270,0.000295,0.000323,0.000352,0.000383,0.000416,0.000451,0.000488,0.000526,0.000567,0.000610,0.000654,0.000701,0.000749,0.000799,0.000851,0.000904,0.000959,0.001016,0.001074,0.001133,0.001193,0.001254,0.001316,0.001379,0.001442,0.001506,0.001570,0.001634,0.001698,0.001762,0.001825,0.001888,0.001950,0.002011,0.002071,0.002130,0.002188,0.002244,0.002299,0.002352,0.002404,0.002453,0.002501,0.002547,0.002591,0.002634,0.002674,0.002712,0.002748,0.002782,0.002814,0.002843,0.002871,0.002897,0.002921,0.002943,0.002962,0.002980,0.002996,0.003011,0.003023,0.003033,0.003042,0.003049,0.003054,0.003058,0.003059,0.003059,0.003058,0.003054,0.003049,0.003042,0.003033,0.003023,0.003011,0.002996,0.002980,0.002962,0.002943,0.002921,0.002897,0.002871,0.002843,0.002814,0.002782,0.002748,0.002712,0.002674,0.002634,0.002591,0.002547,0.002501,0.002453,0.002404,0.002352,0.002299,0.002244,0.002188,0.002130,0.002071,0.002011,0.001950,0.001888,0.001825,0.001762,0.001698,0.001634,0.001570,0.001506,0.001442,0.001379,0.001316,0.001254,0.001193,0.001133,0.001074,0.001016,0.000959,0.000904,0.000851,0.000799,0.000749,0.000701,0.000654,0.000610,0.000567,0.000526,0.000488,0.000451,0.000416,0.000383,0.000352,0.000323,0.000295,0.000270,0.000246,0.000223,0.000203,0.000183,0.000166,0.000149,0.000134,0.000121,0.000108,0.000097,0.000086,0.000077,0.000068,0.000060,0.000053,0.000047,0.000041,0.000036,0.000031,0.000027,0.000024,0.000020,0.000017,0.000015,0.000012,0.000010,0.000008,0.000006,0.000005,0.000003,0.000002,0.000000
0.000000,0.000002,0.000004,0.000006,0.000008,0.000010,0.000012,0.000015,0.000018,0.000021,0.000025,0.000029,0.000033,0.000038,0.000044,0.000050,0.000057,0.000064,0.000073,0.000082,0.000093,0.000104,0.000117,0.000131,0.000146,0.000163,0.000181,0.000201,0.000223,0.000246,0.000271,0.000298,0.000327,0.000358,0.000391,0.000427,0.000465,0.000505,0.000547,0.000591,0.000639,0.000688,0.000740,0.000794,0.000850,0.000908,0.000969,0.001032,0.001097,0.001164,0.001232,0.001302,0.001374,0.001447,0.001521,0.001596,0.001672,0.001749,0.001826,0.001904,0.001981,0.002059,0.002136,0.002213,0.002289,0.002364,0.002438,0.002511,0.002583,0.002653,0.002721,0.002788,0.002852,0.002915,0.002975,0.003033,0.003089,0.003143,0.003194,0.003242,0.003289,0.003332,0.003373,0.003412,0.003448,0.003482,0.003513,0.003542,0.003568,0.003593,0.003614,0.003634,0.003651,0.003666,0.003679,0.003689,0.003698,0.003704,0.003708,0.003710,0.003710,0.003708,0.003704,0.003698,0.003689,0.003679,0.003666,0.003651,0.003634,0.003614,0.003593,0.003568,0.003542,0.003513,0.003482,0.003448,0.003412,0.003373,0.003332,0.003289,0.003242,0.003194,0.003143,0.003089,0.003033,0.002975,0.002915,0.002852,0.002788,0.002721,0.002653,0.002583,0.002511,0.002438,0.002364,0.002289,0.002213,0.002136,0.002059,0.001981,0.001904,0.001826,0.001749,0.001672,0.001596,0.001521,0.001447,0.001374,0.001302,0.001232,0.001164,0.001097,0.001032,0.000969,0.000908,0.000850,0.000794,0.000740,0.000688,0.000639,0.000591,0.000547,0.000505,0.000465,0.000427,0.000391,0.000358,0.000327,0.000298,0.000271,0.000246,0.000223,0.000201,0.000181,0.000163,0.000146,0.000131,0.000117,0.000104,0.000093,0.000082,0.000073,0.000064,0.000057,0.000050,0.000044,0.000038,0.000033,0.000029,0.000025,0.000021,0.000018,0.000015,0.000012,0.000010,0.000008,0.000006,0.000004,0.000002,0.000000
0.000000,0.000002,0.000004,0.000007,0.000009,0.000012,0.000015,0.000018,0.000021,0.000025,0.000029,0.000034,0.000039,0.000045,0.000052,0.000059,0.000068,0.000077,0.000087,0.000098,0.000111,0.000125,0.000140,0.000156,0.000175,0.000195,0.000216,0.000240,0.000266,0.000293,0.000323,0.000356,0.000390,0.000427,0.000467,0.000509,0.000554,0.000602,0.000653,0.000706,0.000762,0.000821,0.000883,0.000947,0.001014,0.001084,0.001157,0.001232,0.001309,0.001389,0.001470,0.001554,0.001640,0.001727,0.001815,0.001905,0.001996,0.002088,0.002180,0.002272,0.002365,0.002457,0.002550,0.002641,0.002732,0.002822,0.002910,0.002997,0.003082,0.003166,0.003248,0.003327,0.003404,0.003479,0.003551,0.003620,0.003687,0.003751,0.003812,0.003870,0.003925,0.003977,0.004026,0.004072,0.004115,0.004156,0.004193,0.004227,0.004259,0.004288,0.004314,0.004337,0.004357,0.004375,0.004390,0.004403,0.004413,0.004421,0.004426,0.004428,0.004428,0.004426,0.004421,0.004413,0.004403,0.004390,0.004375,0.004357,0.004337,0.004314,0.004288,0.004259,0.004227,0.004193,0.004156,0.004115,0.004072,0.004026,0.003977,0.003925,0.003870,0.003812,0.003751,0.003687,0.003620,0.003551,0.003479,0.003404,0.003327,0.003248,0.003166,0.003082,0.002997,0.002910,0.002822,0.002732,0.002641,0.002550,0.002457,0.002365,0.002272,0.002180,0.002088,0.001996,0.001905,0.001815,0.001727,0.001640,0.001554,0.001470,0.001389,0.001309,0.001232,0.001157,0.001084,0.001014,0.000947,0.000883,0.000821,0.000762,0.000706,0.000653,0.000602,0.000554,0.000509,0.000467,0.000427,0.000390,0.000356,0.000323,0.000293,0.000266,0.000240,0.000216,0.000195,0.000175,0.000156,0.000140,0.000125,0.000111,0.000098,0.000087,0.000077,0.000068,0.000059,0.000052,0.000045,0.000039,0.000034,0.000029,0.000025,0.000021,0.000018,0.000015,0.000012,0.000009,0.000007,0.000004,0.000002,0.000000
0.000000,0.000003,0.000005,0.000008,0.000011,0.000014,0.000017,0.000021,0.000025,0.000030,0.000035,0.000040,0.000046,0.000054,0.000061,0.000070,0.000080,0.000091,0.000103,0.000116,0.000131,0.000147,0.000165,0.000185,0.000206,0.000230,0.000255,0.000283,0.000313,0.000346,0.000382,0.000420,0.000461,0.000504,0.000551,0.000601,0.000654,0.000711,0.000770,0.000833,0.000899,0.000969,0.001042,0.001118,0.001197,0.001279,0.001365,0.001453,0.001545,0.001638,0.001735,0.001834,0.001935,0.002037,0.002142,0.002248,0.002355,0.002463,0.002572,0.002681,0.002790,0.002899,0.003008,0.003116,0.003223,0.003329,0.003433,0.003536,0.003637,0.003735,0.003832,0.003925,0.004016,0.004104,0.004189,0.004271,0.004350,0.004425,0.004497,0.004565,0.004630,0.004692,0.004750,0.004804,0.004855,0.004903,0.004947,0.004987,0.005025,0.005059,0.005089,0.005117,0.005141,0.005162,0.005180,0.005195,0.005206,0.005215,0.005221,0.005224,0.005224,0.005221,0.005215,0.005206,0.005195,0.005180,0.005162,0.005141,0.005117,0.005089,0.005059,0.005025,0.004987,0.004947,0.004903,0.004855,0.004804,0.004750,0.004692,0.004630,0.004565,0.004497,0.004425,0.004350,0.004271,0.004189,0.004104,0.004016,0.003925,0.003832,0.003735,0.003637,0.003536,0.003433,0.003329,0.003223,0.003116,0.003008,0.002899,0.002790,0.002681,0.002572,0.002463,0.002355,0.002248,0.002142,0.002037,0.001935,0.001834,0.001735,0.001638,0.001545,0.001453,0.001365,0.001279,0.001197,0.001118,0.001042,0.000969,0.000899,0.000833,0.000770,0.000711,0.000654,0.000601,0.000551,0.000504,0.000461,0.000420,0.000382,0.000346,0.000313,0.000283,0.000255,0.000230,0.000206,0.000185,0.000165,0.000147,0.000131,0.000116,0.000103,0.000091,0.000080,0.000070,0.000061,0.000054,0.000046,0.000040,0.000035,0.000030,0.000025,0.000021,0.000017,0.000014,0.000011,0.000008,0.000005,0.000003,0.000000
0.000000,0.000003,0.000006,0.000009,0.000013,0.000016,0.000020,0.000025,0.000029,0.000035,0.000040,0.000047,0.000054,0.000063,0.000072,0.000082,0.000093,0.000106,0.000120,0.000136,0.000153,0.000172,0.000193,0.000216,0.000241,0.000269,0.000299,0.000331,0.000367,0.000405,0.000446,0.000491,0.000539,0.000590,0.000645,0.000703,0.000765,0.000831,0.000901,0.000974,0.001052,0.001133,0.001218,0.001307,0.001400,0.001496,0.001596,0.001700,0.001807,0.001916,0.002029,0.002145,0.002263,0.002383,0.002505,0.002629,0.002754,0.002881,0.003008,0.003136,0.003263,0.003391,0.003518,0.003645,0.003770,0.003894,0.004016,0.004136,0.004254,0.004369,0.004481,0.004591,0.004697,0.004800,0.004900,0.004996,0.005088,0.005176,0.005260,0.005340,0.005416,0.005488,0.005556,0.005619,0.005679,0.005734,0.005786,0.005833,0.005877,0.005917,0.005952,0.005984,0.006013,0.006037,0.006058,0.006076,0.006090,0.006100,0.006107,0.006110,0.006110,0.006107,0.006100,0.006090,0.006076,0.006058,0.006037,0.006013,0.005984,0.005952,0.005917,0.005877,0.005833,0.005786,0.005734,0.005679,0.005619,0.005556,0.005488,0.005416,0.005340,0.005260,0.005176,0.005088,0.004996,0.004900,0.004800,0.004697,0.004591,0.004481,0.004369,0.004254,0.004136,0.004016,0.003894,0.003770,0.003645,0.003518,0.003391,0.003263,0.003136,0.003008,0.002881,0.002754,0.002629,0.002505,0.002383,0.002263,0.002145,0.002029,0.001916,0.001807,0.001700,0.001596,0.001496,0.001400,0.001307,0.001218,0.001133,0.001052,0.000974,0.000901,0.000831,0.000765,0.000703,0.000645,0.000590,0.000539,0.000491,0.000446,0.000405,0.000367,0.000331,0.000299,0.000269,0.000241,0.000216,0.000193,0.000172,0.000153,0.000136,0.000120,0.000106,0.000093,0.000082,0.000072,0.000063,0.000054,0.000047,0.000040,0.000035,0.000029,0.000025,0.000020,0.000016,0.000013,0.000009,0.000006,0.000003,0.000000
0.000000,0.000004,0.000007,0.000011,0.000015,0.000019,0.000024,0.000029,0.000034,0.000040,0.000047,0.000055,0.000063,0.000073,0.000083,0.000095,0.000109,0.000123,0.000140,0.000158,0.000178,0.000200,0.000224,0.000251,0.000280,0.000312,0.000347,0.000385,0.000426,0.000471,0.000519,0.000570,0.000626,0.000686,0.000749,0.000817,0.000889,0.000966,0.001047,0.001132,0.001222,0.001317,0.001415,0.001519,0.001627,0.001739,0.001855,0.001975,0.002099,0.002227,0.002358,0.002492,0.002629,0.002769,0.002911,0.003054,0.003200,0.003347,0.003495,0.003643,0.003791,0.003940,0.004087,0.004234,0.004380,0.004524,0.004665,0.004805,0.004942,0.005076,0.005206,0.005334,0.005457,0.005577,0.005692,0.005804,0.005911,0.006013,0.006111,0.006204,0.006292,0.006376,0.006454,0.006528,0.006598,0.006662,0.006722,0.006777,0.006828,0.006874,0.006915,0.006953,0.006985,0.007014,0.007038,0.007059,0.007075,0.007087,0.007095,0.007099,0.007099,0.007095,0.007087,0.007075,0.007059,0.007038,0.007014,0.006985,0.006953,0.006915,0.006874,0.006828,0.006777,0.006722,0.006662,0.006598,0.006528,0.006454,0.006376,0.006292,0.006204,0.006111,0.006013,0.005911,0.005804,0.005692,0.005577,0.005457,0.005334,0.005206,0.005076,0.004942,0.004805,0.004665,0.004524,0.004380,0.004234,0.004087,0.003940,0.003791,0.003643,0.003495,0.003347,0.003200,0.003054,0.002911,0.002769,0.002629,0.002492,0.002358,0.002227,0.002099,0.001975,0.001855,0.001739,0.001627,0.001519,0.001415,0.001317,0.001222,0.001132,0.001047,0.000966,0.000889,0.000817,0.000749,0.000686,0.000626,0.000570,0.000519,0.000471,0.000426,0.000385,0.000347,0.000312,0.000280,0.000251,0.000224,0.000200,0.000178,0.000158,0.000140,0.000123,0.000109,0.000095,0.000083,0.000073,0.000063,0.000055,0.000047,0.000040,0.000034,0.000029,0.000024,0.000019,0.000015,0.000011,0.000007,0.000004,0.000000
0.000000,0.000004,0.000008,0.000013,0.000017,0.000022,0.000027,0.000033,0.000039,0.000046,0.000054,0.000063,0.000073,0.000084,0.000096,0.000110,0.000125,0.000142,0.000161,0.000182,0.000205,0.000231,0.000259,0.000290,0.000324,0.000361,0.000401,0.000445,0.000492,0.000544,0.000599,0.000659,0.000723,0.000792,0.000866,0.000944,0.001028,0.001116,0.001210,0.001308,0.001412,0.001521,0.001636,0.001755,0.001880,0.002009,0.002143,0.002282,0.002426,0.002573,0.002724,0.002879,0.003038,0.003199,0.003363,0.003530,0.003698,0.003867,0.004038,0.004210,0.004381,0.004552,0.004723,0.004893,0.005061,0.005227,0.005391,0.005552,0.005710,0.005865,0.006016,0.006163,0.006306,0.006444,0.006578,0.006706,0.006830,0.006948,0.007061,0.007168,0.007270,0.007367,0.007458,0.007544,0.007624,0.007698,0.007767,0.007831,0.007889,0.007943,0.007991,0.008034,0.008072,0.008105,0.008133,0.008156,0.008175,0.008189,0.008198,0.008203,0.008203,0.008198,0.008189,0.008175,0.008156,0.008133,0.008105,0.008072,0.008034,0.007991,0.007943,0.007889,0.007831,0.007767,0.007698,0.007624,0.007544,0.007458,0.007367,0.007270,0.007168,0.007061,0.006948,0.006830,0.006706,0.006578,0.006444,0.006306,0.006163,0.006016,0.005865,0.005710,0.005552,0.005391,0.005227,0.005061,0.004893,0.004723,0.004552,0.004381,0.004210,0.004038,0.003867,0.003698,0.003530,0.003363,0.003199,0.003038,0.002879,0.002724,0.002573,0.002426,0.002282,0.002143,0.002009,0.001880,0.001755,0.001636,0.001521,0.001412,0.001308,0.001210,0.001116,0.001028,0.000944,0.000866,0.000792,0.000723,0.000659,0.000599,0.000544,0.000492,0.000445,0.000401,0.000361,0.000324,0.000290,0.000259,0.000231,0.000205,0.000182,0.000161,0.000142,0.000125,0.000110,0.000096,0.000084,0.000073,0.000063,0.000054,0.000046,0.000039,0.000033,0.000027,0.000022,0.000017,0.000013,0.000008,0.000004,0.000000
0.000000,0.000005,0.000009,0.000014,0.000020,0.000025,0.000031,0.000038,0.000045,0.000054,0.000063,0.000073,0.000084,0.000097,0.000111,0.000127,0.000144,0.000164,0.000186,0.000210,0.000236,0.000266,0.000298,0.000334,0.000373,0.000415,0.000461,0.000512,0.000567,0.000626,0.000690,0.000758,0.000832,0.000911,0.000996,0.001086,0.001182,0.001284,0.001392,0.001505,0.001625,0.001750,0.001882,0.002019,0.002162,0.002311,0.002466,0.002625,0.002790,0.002960,0.003134,0.003312,0.003495,0.003680,0.003869,0.004060,0.004254,0.004449,0.004645,0.004842,0.005040,0.005237,0.005433,0.005628,0.005822,0.006013,0.006201,0.006387,0.006568,0.006746,0.006920,0.007089,0.007254,0.007413,0.007566,0.007714,0.007856,0.007992,0.008122,0.008246,0.008363,0.008474,0.008579,0.008677,0.008769,0.008855,0.008935,0.009008,0.009075,0.009136,0.009192,0.009241,0.009285,0.009323,0.009355,0.009382,0.009404,0.009420,0.009430,0.009436,0.009436,0.009430,0.009420,0.009404,0.009382,0.009355,0.009323,0.009285,0.009241,0.009192,0.009136,0.009075,0.009008,0.008935,0.008855,0.008769,0.008677,0.008579,0.008474,0.008363,0.008246,0.008122,0.007992,0.007856,0.007714,0.007566,0.007413,0.007254,0.007089,0.006920,0.006746,0.006568,0.006387,0.006201,0.006013,0.005822,0.005628,0.005433,0.005237,0.005040,0.004842,0.004645,0.004449,0.004254,0.004060,0.003869,0.003680,0.003495,0.003312,0.003134,0.002960,0.002790,0.002625,0.002466,0.002311,0.002162,0.002019,0.001882,0.001750,0.001625,0.001505,0.001392,0.001284,0.001182,0.001086,0.000996,0.000911,0.000832,0.000758,0.000690,0.000626,0.000567,0.000512,0.000461,0.000415,0.000373,0.000334,0.000298,0.000266,0.000236,0.000210,0.000186,0.000164,0.000144,0.000127,0.000111,0.000097,0.000084,0.000073,0.000063,0.000054,0.000045,0.000038,0.000031,0.000025,0.000020,0.000014,0.000009,0.000005,0.000000
0.000000,0.000005,0.000011,0.000016,0.000022,0.000029,0.000036,0.000044,0.000052,0.000061,0.000072,0.000083,0.000096,0.000111,0.000127,0.000145,0.000165,0.000188,0.000213,0.000240,0.000271,0.000305,0.000342,0.000382,0.000427,0.000476,0.000529,0.000587,0.000649,0.000717,0.000790,0.000869,0.000954,0.001045,0.001142,0.001245,0.001355,0.001471,0.001595,0.001725,0.001862,0.002006,0.002156,0.002314,0.002478,0.002649,0.002826,0.003009,0.003197,0.003392,0.003591,0.003796,0.004004,0.004217,0.004433,0.004653,0.004874,0.005098,0.005323,0.005549,0.005775,0.006001,0.006226,0.006449,0.006671,0.006890,0.007106,0.007318,0.007527,0.007731,0.007930,0.008124,0.008312,0.008494,0.008670,0.008839,0.009002,0.009158,0.009307,0.009449,0.009583,0.009711,0.009831,0.009943,0.010049,0.010147,0.010238,0.010322,0.010399,0.010469,0.010533,0.010589,0.010639,0.010683,0.010720,0.010751,0.010776,0.010794,0.010806,0.010812,0.010812,0.010806,0.010794,0.010776,0.010751,0.010720,0.010683,0.010639,0.010589,0.010533,0.010469,0.010399,0.010322,0.010238,0.010147,0.010049,0.009943,0.009831,0.009711,0.009583,0.009449,0.009307,0.009158,0.009002,0.008839,0.008670,0.008494,0.008312,0.008124,0.007930,0.007731,0.007527,0.007318,0.007106,0.006890,0.006671,0.006449,0.006226,0.006001,0.005775,0.005549,0.005323,0.005098,0.004874,0.004653,0.004433,0.004217,0.004004,0.003796,0.003591,0.003392,0.003197,0.003009,0.002826,0.002649,0.002478,0.002314,0.002156,0.002006,0.001862,0.001725,0.001595,0.001471,0.001355,0.001245,0.001142,0.001045,0.000954,0.000869,0.000790,0.000717,0.000649,0.000587,0.000529,0.000476,0.000427,0.000382,0.000342,0.000305,0.000271,0.000240,0.000213,0.000188,0.000165,0.000145,0.000127,0.000111,0.000096,0.000083,0.000072,0.000061,0.000052,0.000044,0.000036,0.000029,0.000022,0.000016,0.000011,0.000005,0.000000
0.000000,0.000006,0.000012,0.000019,0.000026,0.000033,0.000041,0.000050,0.000059,0.000070,0.000082,0.000095,0.000110,0.000127,0.000145,0.000166,0.000189,0.000215,0.000243,0.000275,0.000309,0.000348,0.000390,0.000437,0.000488,0.000543,0.000604,0.000670,0.000742,0.000819,0.000903,0.000993,0.001089,0.001193,0.001304,0.001422,0.001547,0.001680,0.001821,0.001970,0.002126,0.002291,0.002463,0.002643,0.002830,0.003025,0.003227,0.003436,0.003652,0.003874,0.004101,0.004335,0.004573,0.004816,0.005063,0.005313,0.005567,0.005822,0.006079,0.006337,0.006595,0.006853,0.007110,0.007365,0.007618,0.007868,0.008115,0.008357,0.008596,0.008828,0.009056,0.009277,0.009492,0.009700,0.009901,0.010095,0.010280,0.010458,0.010629,0.010790,0.010944,0.011089,0.011226,0.011355,0.011476,0.011588,0.011692,0.011788,0.011876,0.011956,0.012028,0.012093,0.012150,0.012200,0.012242,0.012278,0.012306,0.012327,0.012341,0.012348,0.012348,0.012341,0.012327,0.012306,0.012278,0.012242,0.012200,0.012150,0.012093,0.012028,0.011956,0.011876,0.011788,0.011692,0.011588,0.011476,0.011355,0.011226,0.011089,0.010944,0.010790,0.010629,0.010458,0.010280,0.010095,0.009901,0.009700,0.009492,0.009277,0.009056,0.008828,0.008596,0.008357,0.008115,0.007868,0.007618,0.007365,0.007110,0.006853,0.006595,0.006337,0.006079,0.005822,0.005567,0.005313,0.005063,0.004816,0.004573,0.004335,0.004101,0.003874,0.003652,0.003436,0.003227,0.003025,0.002830,0.002643,0.002463,0.002291,0.002126,0.001970,0.001821,0.001680,0.001547,0.001422,0.001304,0.001193,0.001089,0.000993,0.000903,0.000819,0.000742,0.000670,0.000604,0.000543,0.000488,0.000437,0.000390,0.000348,0.000309,0.000275,0.000243,0.000215,0.000189,0.000166,0.000145,0.000127,0.000110,0.000095,0.000082,0.000070,0.000059,0.000050,0.000041,0.000033,0.000026,0.000019,0.000012,0.000006,0.000000
0.000000,0.000007,0.000014,0.000021,0.000029,0.000038,0.000047,0.000057,0.000068,0.000080,0.000093,0.000109,0.000125,0.000144,0.000165,0.000189,0.000215,0.000244,0.000277,0.000313,0.000352,0.000396,0.000444,0.000497,0.000555,0.000619,0.000688,0.000763,0.000845,0.000933,0.001028,0.001130,0.001241,0.001359,0.001485,0.001619,0.001762,0.001913,0.002074,0.002243,0.002421,0.002608,0.002804,0.003009,0.003222,0.003444,0.003674,0.003912,0.004158,0.004410,0.004670,0.004935,0.005207,0.005483,0.005764,0.006049,0.006338,0.006628,0.006921,0.007215,0.007509,0.007802,0.008095,0.008385,0.008673,0.008958,0.009239,0.009515,0.009786,0.010051,0.010310,0.010562,0.010807,0.011044,0.011272,0.011493,0.011704,0.011907,0.012101,0.012285,0.012460,0.012625,0.012781,0.012928,0.013065,0.013193,0.013311,0.013420,0.013521,0.013612,0.013694,0.013768,0.013833,0.013890,0.013938,0.013978,0.014010,0.014034,0.014050,0.014058,0.014058,0.014050,0.014034,0.014010,0.013978,0.013938,0.013890,0.013833,0.013768,0.013694,0.013612,0.013521,0.013420,0.013311,0.013193,0.013065,0.012928,0.012781,0.012625,0.012460,0.012285,0.012101,0.011907,0.011704,0.011493,0.011272,0.011044,0.010807,0.010562,0.010310,0.010051,0.009786,0.009515,0.009239,0.008958,0.008673,0.008385,0.008095,0.007802,0.007509,0.007215,0.006921,0.006628,0.006338,0.006049,0.005764,0.005483,0.005207,0.004935,0.004670,0.004410,0.004158,0.003912,0.003674,0.003444,0.003222,0.003009,0.002804,0.002608,0.002421,0.002243,0.002074,0.001913,0.001762,0.001619,0.001485,0.001359,0.001241,0.001130,0.001028,0.000933,0.000845,0.000763,0.000688,0.000619,0.000555,0.000497,0.000444,0.000396,0.000352,0.000313,0.000277,0.000244,0.000215,0.000189,0.000165,0.000144,0.000125,0.000109,0.000093,0.000080,0.000068,0.000057,0.000047,0.000038,0.000029,0.000021,0.000014,0.000007,0.000000
0.000000,0.000008,0.000016,0.000024,0.000033,0.000043,0.000053,0.000064,0.000077,0.000091,0.000106,0.000123,0.000142,0.000164,0.000188,0.000215,0.000244,0.000278,0.000314,0.000355,0.000400,0.000450,0.000505,0.000565,0.000631,0.000703,0.000781,0.000866,0.000959,0.001059,0.001167,0.001284,0.001409,0.001543,0.001686,0.001838,0.002000,0.002173,0.002355,0.002547,0.002749,0.002961,0.003184,0.003416,0.003658,0.003910,0.004171,0.004442,0.004720,0.005007,0.005302,0.005603,0.005911,0.006225,0.006545,0.006868,0.007195,0.007525,0.007857,0.008191,0.008524,0.008858,0.009190,0.009520,0.009847,0.010170,0.010489,0.010802,0.011110,0.011411,0.011705,0.011991,0.012269,0.012538,0.012797,0.013047,0.013288,0.013518,0.013738,0.013947,0.014145,0.014333,0.014510,0.014677,0.014832,0.014977,0.015112,0.015236,0.015350,0.015453,0.015547,0.015630,0.015704,0.015769,0.015824,0.015869,0.015905,0.015933,0.015951,0.015960,0.015960,0.015951,0.015933,0.015905,0.015869,0.015824,0.015769,0.015704,0.015630,0.015547,0.015453,0.015350,0.015236,0.015112,0.014977,0.014832,0.014677,0.014510,0.014333,0.014145,0.013947,0.013738,0.013518,0.013288,0.013047,0.012797,0.012538,0.012269,0.011991,0.011705,0.011411,0.011110,0.010802,0.010489,0.010170,0.009847,0.009520,0.009190,0.008858,0.008524,0.008191,0.007857,0.007525,0.007195,0.006868,0.006545,0.006225,0.005911,0.005603,0.005302,0.005007,0.004720,0.004442,0.004171,0.003910,0.003658,0.003416,0.003184,0.002961,0.002749,0.002547,0.002355,0.002173,0.002000,0.001838,0.001686,0.001543,0.001409,0.001284,0.001167,0.001059,0.000959,0.000866,0.000781,0.000703,0.000631,0.000565,0.000505,0.000450,0.000400,0.000355,0.000314,0.000278,0.000244,0.000215,0.000188,0.000164,0.000142,0.000123,0.000106,0.000091,0.000077,0.000064,0.000053,0.000043,0.000033,0.000024,0.000016,0.000008,0.000000
0.000000,0.000009,0.000018,0.000028,0.000038,0.000048,0.000060,0.000073,0.000087,0.000103,0.000120,0.000140,0.000161,0.000186,0.000213,0.000243,0.000277,0.000314,0.000356,0.000402,0.000453,0.000510,0.000572,0.000640,0.000714,0.000796,0.000885,0.000981,0.001086,0.001199,0.001322,0.001454,0.001595,0.001747,0.001909,0.002082,0.002265,0.002460,0.002666,0.002884,0.003113,0.003353,0.003605,0.003868,0.004143,0.004428,0.004723,0.005029,0.005345,0.005670,0.006003,0.006345,0.006694,0.007049,0.007410,0.007777,0.008147,0.008521,0.008897,0.009274,0.009652,0.010030,0.010405,0.010779,0.011149,0.011515,0.011876,0.012231,0.012580,0.012920,0.013253,0.013577,0.013891,0.014196,0.014490,0.014773,0.015045,0.015306,0.015555,0.015792,0.016016,0.016229,0.016430,0.016618,0.016794,0.016959,0.017111,0.017251,0.017380,0.017497,0.017603,0.017698,0.017782,0.017855,0.017917,0.017968,0.018009,0.018040,0.018061,0.018071,0.018071,0.018061,0.018040,0.018009,0.017968,0.017917,0.017855,0.017782,0.017698,0.017603,0.017497,0.017380,0.017251,0.017111,0.016959,0.016794,0.016618,0.016430,0.016229,0.016016,0.015792,0.015555,0.015306,0.015045,0.014773,0.014490,0.014196,0.013891,0.013577,0.013253,0.012920,0.012580,0.012231,0.011876,0.011515,0.011149,0.010779,0.010405,0.010030,0.009652,0.009274,0.008897,0.008521,0.008147,0.007777,0.007410,0.007049,0.006694,0.006345,0.006003,0.005670,0.005345,0.005029,0.004723,0.004428,0.004143,0.003868,0.003605,0.003353,0.003113,0.002884,0.002666,0.002460,0.002265,0.002082,0.001909,0.001747,0.001595,0.001454,0.001322,0.001199,0.001086,0.000981,0.000885,0.000796,0.000714,0.000640,0.000572,0.000510,0.000453,0.000402,0.000356,0.000314,0.000277,0.000243,0.000213,0.000186,0.000161,0.000140,0.000120,0.000103,0.000087,0.000073,0.000060,0.000048,0.000038,0.000028,0.000018,0.000009,0.000000
0.000000,0.000010,0.000020,0.000031,0.000043,0.000055,0.000068,0.000082,0.000098,0.000116,0.000136,0.000158,0.000182,0.000210,0.000240,0.000275,0.000313,0.000355,0.000402,0.000454,0.000512,0.000576,0.000646,0.000723,0.000807,0.000899,0.000999,0.001108,0.001227,0.001355,0.001493,0.001642,0.001802,0.001973,0.002156,0.002351,0.002559,0.002779,0.003012,0.003257,0.003516,0.003788,0.004072,0.004369,0.004679,0.005001,0.005335,0.005681,0.006037,0.006404,0.006780,0.007166,0.007560,0.007962,0.008370,0.008783,0.009202,0.009624,0.010048,0.010475,0.010901,0.011328,0.011752,0.012174,0.012592,0.013006,0.013413,0.013814,0.014207,0.014592,0.014968,0.015334,0.015689,0.016033,0.016365,0.016685,0.016992,0.017287,0.017568,0.017835,0.018089,0.018329,0.018556,0.018769,0.018968,0.019153,0.019325,0.019484,0.019629,0.019762,0.019881,0.019988,0.020083,0.020165,0.020235,0.020294,0.020340,0.020375,0.020398,0.020409,0.020409,0.020398,0.020375,0.020340,0.020294,0.020235,0.020165,0.020083,0.019988,0.019881,0.019762,0.019629,0.019484,0.019325,0.019153,0.018968,0.018769,0.018556,0.018329,0.018089,0.017835,0.017568,0.017287,0.016992,0.016685,0.016365,0.016033,0.015689,0.015334,0.014968,0.014592,0.014207,0.013814,0.013413,0.013006,0.012592,0.012174,0.011752,0.011328,0.010901,0.010475,0.010048,0.009624,0.009202,0.008783,0.008370,0.007962,0.007560,0.007166,0.006780,0.006404,0.006037,0.005681,0.005335,0.005001,0.004679,0.004369,0.004072,0.003788,0.003516,0.003257,0.003012,0.002779,0.002559,0.002351,0.002156,0.001973,0.001802,0.001642,0.001493,0.001355,0.001227,0.001108,0.000999,0.000899,0.000807,0.000723,0.000646,0.000576,0.000512,0.000454,0.000402,0.000355,0.000313,0.000275,0.000240,0.000210,0.000182,0.000158,0.000136,0.000116,0.000098,0.000082,0.000068,0.000055,0.000043,0.000031,0.000020,0.000010,0.000000
0.000000,0.000011,0.000023,0.000035,0.000048,0.000062,0.000077,0.000093,0.000111,0.000131,0.000153,0.000178,0.000205,0.000236,0.000271,0.000309,0.000352,0.000400,0.000453,0.000512,0.000577,0.000649,0.000728,0.000814,0.000909,0.001013,0.001126,0.001249,0.001382,0.001527,0.001683,0.001850,0.002030,0.002223,0.002430,0.002649,0.002883,0.003131,0.003393,0.003670,0.003962,0.004268,0.004588,0.004923,0.005272,0.005635,0.006011,0.006400,0.006802,0.007215,0.007640,0.008074,0.008518,0.008970,0.009430,0.009896,0.010367,0.010843,0.011321,0.011802,0.012282,0.012762,0.013241,0.013716,0.014187,0.014653,0.015112,0.015564,0.016007,0.016441,0.016864,0.017276,0.017676,0.018064,0.018438,0.018798,0.019144,0.019476,0.019793,0.020094,0.020380,0.020651,0.020906,0.021146,0.021370,0.021579,0.021773,0.021952,0.022116,0.022265,0.022400,0.022520,0.022627,0.022719,0.022798,0.022864,0.022916,0.022955,0.022981,0.022994,0.022994,0.022981,0.022955,0.022916,0.022864,0.022798,0.022719,0.022627,0.022520,0.022400,0.022265,0.022116,0.021952,0.021773,0.021579,0.021370,0.021146,0.020906,0.020651,0.020380,0.020094,0.019793,0.019476,0.019144,0.018798,0.018438,0.018064,0.017676,0.017276,0.016864,0.016441,0.016007,0.015564,0.015112,0.014653,0.014187,0.013716,0.013241,0.012762,0.012282,0.011802,0.011321,0.010843,0.010367,0.009896,0.009430,0.008970,0.008518,0.008074,0.007640,0.007215,0.006802,0.006400,0.006011,0.005635,0.005272,0.004923,0.004588,0.004268,0.003962,0.003670,0.003393,0.003131,0.002883,0.002649,0.002430,0.002223,0.002030,0.001850,0.001683,0.001527,0.001382,0.001249,0.001126,0.001013,0.000909,0.000814,0.000728,0.000649,0.000577,0.000512,0.000453,0.000400,0.000352,0.000309,0.000271,0.000236,0.000205,0.000178,0.000153,0.000131,0.000111,0.000093,0.000077,0.000062,0.000048,0.000035,0.000023,0.000011,0.000000
0.000000,0.000013,0.000026,0.000040,0.000054,0.000069,0.000086,0.000104,0.000125,0.000147,0.000172,0.000200,0.000231,0.000266,0.000305,0.000348,0.000396,0.000450,0.000510,0.000576,0.000649,0.000729,0.000818,0.000915,0.001022,0.001139,0.001266,0.001404,0.001554,0.001716,0.001891,0.002080,0.002282,0.002499,0.002731,0.002978,0.003241,0.003520,0.003815,0.004126,0.004453,0.004797,0.005157,0.005534,0.005926,0.006334,0.006757,0.007194,0.007646,0.008110,0.008587,0.009075,0.009574,0.010083,0.010599,0.011123,0.011653,0.012187,0.012725,0.013265,0.013805,0.014345,0.014883,0.015417,0.015946,0.016470,0.016986,0.017494,0.017992,0.018479,0.018955,0.019418,0.019868,0.020303,0.020724,0.021129,0.021518,0.021891,0.022247,0.022586,0.022907,0.023211,0.023498,0.023768,0.024020,0.024255,0.024473,0.024673,0.024858,0.025025,0.025177,0.025312,0.025432,0.025536,0.025625,0.025699,0.025758,0.025802,0.025831,0.025846,0.025846,0.025831,0.025802,0.025758,0.025699,0.025625,0.025536,0.025432,0.025312,0.025177,0.025025,0.024858,0.024673,0.024473,0.024255,0.024020,0.023768,0.023498,0.023211,0.022907,0.022586,0.022247,0.021891,0.021518,0.021129,0.020724,0.020303,0.019868,0.019418,0.018955,0.018479,0.017992,0.017494,0.016986,0.016470,0.015946,0.015417,0.014883,0.014345,0.013805,0.013265,0.012725,0.012187,0.011653,0.011123,0.010599,0.010083,0.009574,0.009075,0.008587,0.008110,0.007646,0.007194,0.006757,0.006334,0.005926,0.005534,0.005157,0.004797,0.004453,0.004126,0.003815,0.003520,0.003241,0.002978,0.002731,0.002499,0.002282,0.002080,0.001891,0.001716,0.001554,0.001404,0.001266,0.001139,0.001022,0.000915,0.000818,0.000729,0.000649,0.000576,0.000510,0.000450,0.000396,0.000348,0.000305,0.000266,0.000231,0.000200,0.000172,0.000147,0.000125,0.000104,0.000086,0.000069,0.000054,0.000040,0.000026,0.000013,0.000000
